           -0.931456
              1.0207
            0.866469
             3.73893
             1.11653
             1.52238
             2.70126
             1.13287
             1.14855
           -0.385772
             2.32592
             2.77347
           -0.276229
             3.42509
             1.53497
           -0.796703
            0.807921
           -0.276939
             1.49461
            0.988411
             3.22817
             1.84007
             2.01019
             1.20577
             1.41068
            0.248099
            0.795492
            0.833079
             2.55636
            0.690178
            0.829312
           -0.756936
           -0.816075
            0.230138
             3.92484
            0.752742
             2.34213
            0.211263
              1.6981
             1.03598
             2.70325
           -0.398249
             2.63421
           -0.895804
            0.216333
             1.90672
